canada 56.130366 12360 178
unitedstates 37.09024 265001 6766
italy 41.87194 119827 14681
spain 40.463667 117710 11009
germany 51.165691 89126 1198
china 35.86166 81620 3322
france 46.227638 58415 5376
iran 32.427908 53183 3294
unitedkingdom 55.378051 38168 3605
turkey 38.963745 20921 425
switzerland 46.818188 19702 604
belgium 50.503887 16770 1143
netherlands 52.132633 15723 1487
austria 47.516231 11464 168
southkorea 35.907757 10062 174
portugal 39.399872 9886 246
brazil -14.235004 8066 327
israel 31.046051 7428 39
sweden 60.128161 6122 351
australia -25.274398 5358 28
norway 60.472024 5296 54
ireland 53.41291 4273 120
russia 61.52401 4149 34
denmark 56.26392 3757 1
chile -35.675147 3737 22
ecuador -1.831239 3368 145
malaysia 4.210484 3333 53
poland 51.919438 3266 65
romania 45.943161 3183 133
philippines 12.879721 3018 136
japan 36.204824 2617 63
luxembourg 49.815273 2612 31
india 20.593684 2547 62
pakistan 30.375321 2458 35
saudiarabia 23.885942 2039 25
indonesia -0.789275 1986 181
thailand 15.870032 1978 19
greece 39.074208 1613 59
finland 61.92411 1608 19
mexico 23.634501 1510 50
southafrica -30.559482 1505 5
dominicanrepublic 18.735693 1488 68
panama 8.537981 1475 37
peru -9.189967 1414 55
iceland 64.963051 1364 4
argentina -38.416097 1265 36
algeria 28.033886 1171 105
serbia 44.016521 1171 31
colombia 4.570868 1161 19
singapore 1.352083 1114 5
croatia 45.1 1079 8
qatar 25.354826 1075 3
unitedarabemirates 23.424076 1024 8
egypt 26.820553 986 66
estonia 58.595272 961 12
ukraine 48.379433 942 23
slovenia 46.151241 934 20
hongkong 22.396428 846 4
iraq 33.223191 820 54
newzealand -40.900557 772 1
morocco 31.791702 761 47
armenia 40.069099 736 7
lithuania 55.169438 696 9
bahrain 25.930414 672 4
hungary 47.162494 623 26
moldova 47.411631 591 8
bosniaandherzegovina 43.915886 575 17
lebanon 33.854721 508 17
tunisia 33.886917 495 18
latvia 56.879635 493 1
bulgaria 42.733883 485 14
kazakhstan 48.019573 464 3
slovakia 48.669026 450 1
azerbaijan 40.143105 443 5
andorra 42.546245 439 16
macedonia 41.608635 430 12
kuwait 29.31166 417 0
costarica 9.748917 396 2
cyprus 35.126413 391 10
uruguay -32.522779 369 4
belarus 53.709807 351 4
taiwan 23.69781 348 5
réunion -21.115141 321 0
jordan 30.585164 310 5
cameroon 7.369722 306 8
albania 41.153332 304 16
burkinafaso 12.238333 302 16
afghanistan 33.93911 273 6
cuba 21.521757 267 6
oman 21.512583 252 1
sanmarino 43.94236 251 32
vietnam 14.058324 237 0
honduras 15.199999 222 15
uzbekistan 41.377491 221 2
senegal 14.497401 207 1
ghana 7.946527 205 5
malta 35.937496 202 0
côtedivoire 7.539989 194 1
palestine 31.952162 193 1
nigeria 9.081999 190 2
mauritius -20.348404 186 7
faroeislands 61.892635 179 0
montenegro 42.708678 160 2
srilanka 7.873054 159 4
georgia 42.315407 155 0
venezuela 6.42375 146 5
martinique 14.641528 138 3
brunei 4.535277 134 1
congo[drc] -4.038333 134 13
bolivia -16.290154 132 9
guadeloupe 16.995971 130 7
kyrgyzstan 41.20438 130 1
mayotte -12.8275 128 2
kosovo 42.602636 125 1
kenya -0.023559 122 4
jersey 49.214439 118 2
cambodia 12.565679 114 0
guernsey 49.465691 114 2
isleofman 54.236107 114 1
trinidadandtobago 10.691803 96 6
paraguay -23.442503 92 3
rwanda -1.940278 89 0
gibraltar 36.137741 88 0
niger 17.607789 74 5
guinea 9.945587 73 0
liechtenstein 47.166 72 0
madagascar -18.766947 70 0
bangladesh 23.684994 61 6
aruba 12.52111 60 0
monaco 43.750298 55 1
frenchguiana 3.933889 51 0
jamaica 18.109581 47 3
barbados 13.193887 46 0
guatemala 15.783471 46 1
uganda 1.373333 45 0
macau 22.198745 42 0
elsalvador 13.794185 41 2
djibouti 11.825138 40 0
togo 8.619543 40 3
mali 17.570692 39 3
zambia -13.133897 39 1
frenchpolynesia -17.679742 37 0
bermuda 32.321384 35 0
ethiopia 9.145 35 0
caymanislands 19.513469 28 1
bahamas 25.03428 24 1
eritrea 15.179384 22 0
congo[republic] -0.228021 22 2
myanmar[burma] 21.913965 20 1
tanzania -6.369028 20 1
guyana 4.860416 19 4
maldives 3.202778 19 0
gabon -0.803689 18 1
newcaledonia -20.904305 18 0
benin 9.30769 16 0
equatorialguinea 1.650801 16 0
syria 34.802075 16 2
haiti 18.971187 15 0
mongolia 46.862496 14 0
namibia -22.95764 14 0
saintlucia 13.909444 13 0
dominica 15.414999 12 0
greenland 71.706936 10 0
grenada 12.262776 10 0
laos 19.85627 10 0
libya 26.3351 10 0
mozambique -18.665695 10 0
seychelles -4.679574 10 0
sudan 12.862807 10 2
suriname 3.919305 10 0
antiguaandbarbuda 17.060816 9 0
guinea-bissau 11.803749 9 0
zimbabwe -19.015438 9 1
angola -11.202692 8 2
centralafricanrepublic 6.611111 8 0
saintkittsandnevis 17.357822 8 0
chad 15.454166 7 0
fiji -16.578193 7 0
liberia 6.428055 7 0
somalia 5.152149 7 0
vaticancity 41.902916 7 0
capeverde 16.002082 6 1
mauritania 21.00789 6 1
nepal 28.394857 6 0
bhutan 27.514162 5 0
montserrat 16.742498 5 0
turksandcaicosislands 21.694025 5 0
botswana -22.328474 4 1
nicaragua 12.865416 4 1
gambia 13.443182 4 1
anguilla 18.220554 3 0
belize 17.189877 3 0
britishvirginislands 18.420695 3 0
burundi -3.373056 3 0
malawi -13.254308 3 0
sierraleone 8.460555 2 0
papuanewguinea -6.314993 1 0
timor-leste -8.874217 1 0
